绝对时间: 202405130903	起算点(秒): 1715590980.0	采样间隔(秒): 0.002000
0.000000	0.228000	2.160812
0.252000	0.476000	0.000000
0.500000	0.728000	-2.335775
0.752000	0.976000	0.000000
1.000000	1.228000	2.160879
1.252000	1.476000	0.000000
1.500000	1.728000	-2.335610
1.752000	1.976000	0.000000
2.000000	2.228000	2.160945
2.252000	2.476000	0.000000
2.500000	2.728000	-2.335717
2.752000	2.976000	0.000000
3.000000	3.228000	2.161315
3.252000	3.476000	0.000000
3.500000	3.728000	-2.335400
3.752000	3.976000	0.000000
4.000000	4.228000	2.161390
4.252000	4.476000	0.000000
4.500000	4.728000	-2.335099
4.752000	4.976000	0.000000
5.000000	5.228000	2.161703
5.252000	5.476000	0.000000
5.500000	5.728000	-2.335121
5.752000	5.976000	0.000000
6.000000	6.228000	2.161534
6.252000	6.476000	0.000000
6.500000	6.728000	-2.335584
6.752000	6.976000	0.000000
7.000000	7.228000	2.161364
7.252000	7.476000	0.000000
7.500000	7.728000	-2.335252
7.752000	7.976000	0.000000
8.000000	8.228000	2.161170
8.252000	8.476000	0.000000
8.500000	8.728000	-2.335618
8.752000	8.976000	0.000000
9.000000	9.228000	2.160952
9.252000	9.476000	0.000000
9.500000	9.728000	-2.335773
9.752000	9.976000	0.000000
10.000000	10.228000	2.160841
10.252000	10.476000	0.000000
10.500000	10.728000	-2.335865
10.752000	10.976000	0.000000
11.000000	11.228000	2.160899
11.252000	11.476000	0.000000
11.500000	11.728000	-2.335376
11.752000	11.976000	0.000000
12.000000	12.228000	2.160899
12.252000	12.476000	0.000000
12.500000	12.728000	-2.335446
12.752000	12.976000	0.000000
13.000000	13.228000	2.161313
13.252000	13.476000	0.000000
13.500000	13.728000	-2.335378
13.752000	13.976000	0.000000
14.000000	14.228000	2.161224
14.252000	14.476000	0.000000
14.500000	14.728000	-2.335482
14.752000	14.976000	0.000000
15.000000	15.228000	2.161487
15.252000	15.476000	0.000000
15.500000	15.728000	-2.335417
15.752000	15.976000	0.000000
16.000000	16.228000	2.161035
16.252000	16.476000	0.000000
16.500000	16.728000	-2.335494
16.752000	16.976000	0.000000
17.000000	17.228000	2.160758
17.252000	17.476000	0.000000
17.500000	17.728000	-2.335969
17.752000	17.976000	0.000000
18.000000	18.228000	2.161076
18.252000	18.476000	0.000000
18.500000	18.728000	-2.335873
18.752000	18.976000	0.000000
19.000000	19.228000	2.160933
19.252000	19.476000	0.000000
19.500000	19.728000	-2.335800
19.752000	19.976000	0.000000
20.000000	20.228000	2.160625
20.252000	20.476000	0.000000
20.500000	20.728000	-2.335361
20.752000	20.976000	0.000000
21.000000	21.228000	2.161468
21.252000	21.476000	0.000000
21.500000	21.728000	-2.334993
21.752000	21.976000	0.000000
22.000000	22.228000	2.161607
22.252000	22.476000	0.000000
22.500000	22.728000	-2.335002
22.752000	22.976000	0.000000
23.000000	23.228000	2.161515
23.252000	23.476000	0.000000
23.500000	23.728000	-2.334956
23.752000	23.976000	0.000000
24.000000	24.228000	2.161478
24.252000	24.476000	0.000000
24.500000	24.728000	-2.335499
24.752000	24.976000	0.000000
25.000000	25.228000	2.161025
25.252000	25.476000	0.000000
25.500000	25.728000	-2.335691
25.752000	25.976000	0.000000
26.000000	26.228000	2.161134
26.252000	26.476000	0.000000
26.500000	26.728000	-2.335584
26.752000	26.976000	0.000000
27.000000	27.228000	2.161204
27.252000	27.476000	0.000000
27.500000	27.728000	-2.335783
27.752000	27.976000	0.000000
28.000000	28.228000	2.161163
28.252000	28.476000	0.000000
28.500000	28.728000	-2.335531
28.752000	28.976000	0.000000
29.000000	29.228000	2.161093
29.252000	29.476000	0.000000
29.500000	29.728000	-2.335473
29.752000	29.976000	0.000000
30.000000	30.228000	2.161369
30.252000	30.476000	0.000000
30.500000	30.728000	-2.335347
30.752000	30.976000	0.000000
31.000000	31.228000	2.161505
31.252000	31.476000	0.000000
31.500000	31.728000	-2.335541
31.752000	31.976000	0.000000
32.000000	32.228000	2.161185
32.252000	32.476000	0.000000
32.500000	32.728000	-2.335666
32.752000	32.976000	0.000000
33.000000	33.228000	2.160703
33.252000	33.476000	0.000000
33.500000	33.728000	-2.336037
33.752000	33.976000	0.000000
34.000000	34.228000	2.160426
34.252000	34.476000	0.000000
34.500000	34.728000	-2.336318
34.752000	34.976000	0.000000
35.000000	35.228000	2.160353
35.252000	35.476000	0.000000
35.500000	35.728000	-2.336086
35.752000	35.976000	0.000000
36.000000	36.228000	2.160644
36.252000	36.476000	0.000000
36.500000	36.728000	-2.335896
36.752000	36.976000	0.000000
37.000000	37.228000	2.161141
37.252000	37.476000	0.000000
37.500000	37.728000	-2.335618
37.752000	37.976000	0.000000
38.000000	38.228000	2.160928
38.252000	38.476000	0.000000
38.500000	38.728000	-2.335451
38.752000	38.976000	0.000000
39.000000	39.228000	2.161057
39.252000	39.476000	0.000000
39.500000	39.728000	-2.335533
39.752000	39.976000	0.000000
40.000000	40.228000	2.160979
40.252000	40.476000	0.000000
40.500000	40.728000	-2.335708
40.752000	40.976000	0.000000
41.000000	41.228000	2.160955
41.252000	41.476000	0.000000
41.500000	41.728000	-2.336006
41.752000	41.976000	0.000000
42.000000	42.228000	2.160887
42.252000	42.476000	0.000000
42.500000	42.728000	-2.336127
42.752000	42.976000	0.000000
43.000000	43.228000	2.160775
43.252000	43.476000	0.000000
43.500000	43.728000	-2.335799
43.752000	43.976000	0.000000
44.000000	44.228000	2.160979
44.252000	44.476000	0.000000
44.500000	44.728000	-2.335575
44.752000	44.976000	0.000000
45.000000	45.228000	2.161420
45.252000	45.476000	0.000000
45.500000	45.728000	-2.335160
45.752000	45.976000	0.000000
46.000000	46.228000	2.161458
46.252000	46.476000	0.000000
46.500000	46.728000	-2.335284
46.752000	46.976000	0.000000
47.000000	47.228000	2.161638
47.252000	47.476000	0.000000
47.500000	47.728000	-2.335601
47.752000	47.976000	0.000000
48.000000	48.228000	2.161357
48.252000	48.476000	0.000000
48.500000	48.728000	-2.335882
48.752000	48.976000	0.000000
49.000000	49.228000	2.160637
49.252000	49.476000	0.000000
49.500000	49.728000	-2.336035
49.752000	49.976000	0.000000
50.000000	50.228000	2.161049
50.252000	50.476000	0.000000
50.500000	50.728000	-2.335814
50.752000	50.976000	0.000000
51.000000	51.228000	2.161073
51.252000	51.476000	0.000000
51.500000	51.728000	-2.335114
51.752000	51.976000	0.000000
52.000000	52.228000	2.161783
52.252000	52.476000	0.000000
52.500000	52.728000	-2.334760
52.752000	52.976000	0.000000
53.000000	53.228000	2.161968
53.252000	53.476000	0.000000
53.500000	53.728000	-2.335029
53.752000	53.976000	0.000000
54.000000	54.228000	2.161764
54.252000	54.476000	0.000000
54.500000	54.728000	-2.334966
54.752000	54.976000	0.000000
55.000000	55.228000	2.161475
55.252000	55.476000	0.000000
55.500000	55.728000	-2.335422
55.752000	55.976000	0.000000
56.000000	56.228000	2.161068
56.252000	56.476000	0.000000
56.500000	56.728000	-2.335935
56.752000	56.976000	0.000000
57.000000	57.228000	2.160686
57.252000	57.476000	0.000000
57.500000	57.728000	-2.336166
57.752000	57.976000	0.000000
58.000000	58.228000	2.160986
58.252000	58.476000	0.000000
58.500000	58.728000	-2.335783
58.752000	58.976000	0.000000
59.000000	59.228000	2.161303
59.252000	59.476000	0.000000
59.500000	59.716000	-2.332208
